Wavelength	Intensity
8.700000000000E+2	1.200000000000E+2
8.700586510264E+2	1.270000000000E+2
8.701173020528E+2	1.350000000000E+2
8.701759530792E+2	1.590000000000E+2
8.702346041056E+2	1.330000000000E+2
8.702932551320E+2	1.320000000000E+2
8.703519061584E+2	1.280000000000E+2
8.704105571848E+2	1.390000000000E+2
8.704692082111E+2	1.120000000000E+2
8.705278592375E+2	1.310000000000E+2
8.705865102639E+2	1.460000000000E+2
8.706451612903E+2	1.310000000000E+2
8.707038123167E+2	1.120000000000E+2
8.707624633431E+2	1.230000000000E+2
8.708211143695E+2	1.470000000000E+2
8.708797653959E+2	1.450000000000E+2
8.709384164223E+2	1.290000000000E+2
8.709970674487E+2	1.500000000000E+2
8.710557184751E+2	1.170000000000E+2
8.711143695015E+2	1.160000000000E+2
8.711730205279E+2	1.280000000000E+2
8.712316715543E+2	1.480000000000E+2
8.712903225806E+2	1.310000000000E+2
8.713489736070E+2	1.360000000000E+2
8.714076246334E+2	1.140000000000E+2
8.714662756598E+2	1.280000000000E+2
8.715249266862E+2	1.020000000000E+2
8.715835777126E+2	1.080000000000E+2
8.716422287390E+2	1.060000000000E+2
8.717008797654E+2	1.290000000000E+2
8.717595307918E+2	1.260000000000E+2
8.718181818182E+2	1.120000000000E+2
8.718768328446E+2	1.170000000000E+2
8.719354838710E+2	1.390000000000E+2
8.719941348974E+2	1.200000000000E+2
8.720527859238E+2	1.330000000000E+2
8.721114369501E+2	1.290000000000E+2
8.721700879765E+2	1.100000000000E+2
8.722287390029E+2	1.110000000000E+2
8.722873900293E+2	1.420000000000E+2
8.723460410557E+2	1.140000000000E+2
8.724046920821E+2	1.140000000000E+2
8.724633431085E+2	1.170000000000E+2
8.725219941349E+2	1.180000000000E+2
8.725806451613E+2	1.330000000000E+2
8.726392961877E+2	1.460000000000E+2
8.726979472141E+2	1.390000000000E+2
8.727565982405E+2	1.040000000000E+2
8.728152492669E+2	1.320000000000E+2
8.728739002933E+2	1.400000000000E+2
8.729325513196E+2	1.420000000000E+2
8.729912023460E+2	1.250000000000E+2
8.730498533724E+2	1.360000000000E+2
8.731085043988E+2	1.160000000000E+2
8.731671554252E+2	1.490000000000E+2
8.732258064516E+2	1.240000000000E+2
8.732844574780E+2	1.370000000000E+2
8.733431085044E+2	1.360000000000E+2
8.734017595308E+2	1.370000000000E+2
8.734604105572E+2	9.000000000000E+1
8.735190615836E+2	1.400000000000E+2
8.735777126100E+2	1.260000000000E+2
8.736363636364E+2	1.190000000000E+2
8.736950146628E+2	1.400000000000E+2
8.737536656891E+2	1.250000000000E+2
8.738123167155E+2	1.070000000000E+2
8.738709677419E+2	1.500000000000E+2
8.739296187683E+2	1.540000000000E+2
8.739882697947E+2	9.700000000000E+1
8.740469208211E+2	1.340000000000E+2
8.741055718475E+2	1.360000000000E+2
8.741642228739E+2	1.150000000000E+2
8.742228739003E+2	1.290000000000E+2
8.742815249267E+2	1.050000000000E+2
8.743401759531E+2	1.500000000000E+2
8.743988269795E+2	1.530000000000E+2
8.744574780059E+2	1.090000000000E+2
8.745161290323E+2	1.410000000000E+2
8.745747800587E+2	1.440000000000E+2
8.746334310850E+2	1.460000000000E+2
8.746920821114E+2	1.300000000000E+2
8.747507331378E+2	1.460000000000E+2
8.748093841642E+2	1.020000000000E+2
8.748680351906E+2	1.350000000000E+2
8.749266862170E+2	1.360000000000E+2
8.749853372434E+2	1.320000000000E+2
8.750439882698E+2	1.350000000000E+2
8.751026392962E+2	1.540000000000E+2
8.751612903226E+2	1.330000000000E+2
8.752199413490E+2	1.480000000000E+2
8.752785923754E+2	1.230000000000E+2
8.753372434018E+2	1.130000000000E+2
8.753958944282E+2	1.080000000000E+2
8.754545454545E+2	1.330000000000E+2
8.755131964809E+2	1.240000000000E+2
8.755718475073E+2	1.500000000000E+2
8.756304985337E+2	1.440000000000E+2
8.756891495601E+2	1.160000000000E+2
8.757478005865E+2	1.620000000000E+2
8.758064516129E+2	1.390000000000E+2
8.758651026393E+2	1.340000000000E+2
8.759237536657E+2	1.360000000000E+2
8.759824046921E+2	1.520000000000E+2
8.760410557185E+2	1.030000000000E+2
8.760997067449E+2	1.330000000000E+2
8.761583577713E+2	1.340000000000E+2
8.762170087977E+2	1.420000000000E+2
8.762756598240E+2	1.470000000000E+2
8.763343108504E+2	1.360000000000E+2
8.763929618768E+2	1.070000000000E+2
8.764516129032E+2	1.310000000000E+2
8.765102639296E+2	1.220000000000E+2
8.765689149560E+2	9.600000000000E+1
8.766275659824E+2	1.320000000000E+2
8.766862170088E+2	1.200000000000E+2
8.767448680352E+2	1.390000000000E+2
8.768035190616E+2	1.120000000000E+2
8.768621700880E+2	9.500000000000E+1
8.769208211144E+2	1.310000000000E+2
8.769794721408E+2	8.400000000000E+1
8.770381231672E+2	1.150000000000E+2
8.770967741935E+2	1.230000000000E+2
8.771554252199E+2	1.050000000000E+2
8.772140762463E+2	1.120000000000E+2
8.772727272727E+2	1.340000000000E+2
8.773313782991E+2	1.300000000000E+2
8.773900293255E+2	1.270000000000E+2
8.774486803519E+2	1.320000000000E+2
8.775073313783E+2	9.900000000000E+1
8.775659824047E+2	1.040000000000E+2
8.776246334311E+2	1.220000000000E+2
8.776832844575E+2	1.180000000000E+2
8.777419354839E+2	1.110000000000E+2
8.778005865103E+2	1.440000000000E+2
8.778592375367E+2	1.210000000000E+2
8.779178885630E+2	1.350000000000E+2
8.779765395894E+2	1.180000000000E+2
8.780351906158E+2	1.260000000000E+2
8.780938416422E+2	1.270000000000E+2
8.781524926686E+2	1.210000000000E+2
8.782111436950E+2	1.290000000000E+2
8.782697947214E+2	1.490000000000E+2
8.783284457478E+2	1.130000000000E+2
8.783870967742E+2	1.330000000000E+2
8.784457478006E+2	1.270000000000E+2
8.785043988270E+2	1.300000000000E+2
8.785630498534E+2	1.330000000000E+2
8.786217008798E+2	1.280000000000E+2
8.786803519062E+2	1.130000000000E+2
8.787390029326E+2	1.200000000000E+2
8.787976539589E+2	1.440000000000E+2
8.788563049853E+2	1.210000000000E+2
8.789149560117E+2	1.520000000000E+2
8.789736070381E+2	1.470000000000E+2
8.790322580645E+2	1.280000000000E+2
8.790909090909E+2	1.680000000000E+2
8.791495601173E+2	1.280000000000E+2
8.792082111437E+2	1.160000000000E+2
8.792668621701E+2	1.430000000000E+2
8.793255131965E+2	1.300000000000E+2
8.793841642229E+2	1.280000000000E+2
8.794428152493E+2	1.360000000000E+2
8.795014662757E+2	1.740000000000E+2
8.795601173021E+2	1.030000000000E+2
8.796187683284E+2	1.280000000000E+2
8.796774193548E+2	1.320000000000E+2
8.797360703812E+2	1.120000000000E+2
8.797947214076E+2	1.160000000000E+2
8.798533724340E+2	1.400000000000E+2
8.799120234604E+2	1.040000000000E+2
8.799706744868E+2	1.190000000000E+2
8.800293255132E+2	1.330000000000E+2
8.800879765396E+2	1.170000000000E+2
8.801466275660E+2	1.180000000000E+2
8.802052785924E+2	1.290000000000E+2
8.802639296188E+2	1.180000000000E+2
8.803225806452E+2	1.350000000000E+2
8.803812316716E+2	1.370000000000E+2
8.804398826979E+2	1.120000000000E+2
8.804985337243E+2	1.200000000000E+2
8.805571847507E+2	1.250000000000E+2
8.806158357771E+2	1.120000000000E+2
8.806744868035E+2	1.200000000000E+2
8.807331378299E+2	1.580000000000E+2
8.807917888563E+2	1.290000000000E+2
8.808504398827E+2	1.340000000000E+2
8.809090909091E+2	1.320000000000E+2
8.809677419355E+2	1.180000000000E+2
8.810263929619E+2	1.280000000000E+2
8.810850439883E+2	1.080000000000E+2
8.811436950147E+2	1.620000000000E+2
8.812023460411E+2	1.470000000000E+2
8.812609970674E+2	1.150000000000E+2
8.813196480938E+2	1.320000000000E+2
8.813782991202E+2	1.410000000000E+2
8.814369501466E+2	1.350000000000E+2
8.814956011730E+2	1.390000000000E+2
8.815542521994E+2	1.740000000000E+2
8.816129032258E+2	1.350000000000E+2
8.816715542522E+2	1.590000000000E+2
8.817302052786E+2	1.430000000000E+2
8.817888563050E+2	1.440000000000E+2
8.818475073314E+2	1.450000000000E+2
8.819061583578E+2	1.540000000000E+2
8.819648093842E+2	1.460000000000E+2
8.820234604106E+2	1.770000000000E+2
8.820821114370E+2	1.420000000000E+2
8.821407624633E+2	1.370000000000E+2
8.821994134897E+2	1.560000000000E+2
8.822580645161E+2	1.560000000000E+2
8.823167155425E+2	1.730000000000E+2
8.823753665689E+2	1.680000000000E+2
8.824340175953E+2	1.650000000000E+2
8.824926686217E+2	1.560000000000E+2
8.825513196481E+2	1.600000000000E+2
8.826099706745E+2	1.680000000000E+2
8.826686217009E+2	1.570000000000E+2
8.827272727273E+2	1.700000000000E+2
8.827859237537E+2	1.830000000000E+2
8.828445747801E+2	1.580000000000E+2
8.829032258065E+2	1.650000000000E+2
8.829618768328E+2	1.860000000000E+2
8.830205278592E+2	1.840000000000E+2
8.830791788856E+2	1.730000000000E+2
8.831378299120E+2	1.830000000000E+2
8.831964809384E+2	1.710000000000E+2
8.832551319648E+2	1.960000000000E+2
8.833137829912E+2	1.780000000000E+2
8.833724340176E+2	2.060000000000E+2
8.834310850440E+2	1.890000000000E+2
8.834897360704E+2	2.000000000000E+2
8.835483870968E+2	1.820000000000E+2
8.836070381232E+2	2.010000000000E+2
8.836656891496E+2	1.960000000000E+2
8.837243401760E+2	2.110000000000E+2
8.837829912023E+2	1.790000000000E+2
8.838416422287E+2	2.120000000000E+2
8.839002932551E+2	2.160000000000E+2
8.839589442815E+2	2.070000000000E+2
8.840175953079E+2	2.130000000000E+2
8.840762463343E+2	2.050000000000E+2
8.841348973607E+2	1.910000000000E+2
8.841935483871E+2	2.320000000000E+2
8.842521994135E+2	2.240000000000E+2
8.843108504399E+2	2.030000000000E+2
8.843695014663E+2	2.380000000000E+2
8.844281524927E+2	2.360000000000E+2
8.844868035191E+2	2.450000000000E+2
8.845454545455E+2	2.590000000000E+2
8.846041055718E+2	2.720000000000E+2
8.846627565982E+2	2.220000000000E+2
8.847214076246E+2	2.720000000000E+2
8.847800586510E+2	2.580000000000E+2
8.848387096774E+2	2.720000000000E+2
8.848973607038E+2	2.720000000000E+2
8.849560117302E+2	2.510000000000E+2
8.850146627566E+2	2.520000000000E+2
8.850733137830E+2	2.780000000000E+2
8.851319648094E+2	2.670000000000E+2
8.851906158358E+2	2.650000000000E+2
8.852492668622E+2	2.810000000000E+2
8.853079178886E+2	3.030000000000E+2
8.853665689150E+2	2.630000000000E+2
8.854252199413E+2	3.100000000000E+2
8.854838709677E+2	3.240000000000E+2
8.855425219941E+2	2.860000000000E+2
8.856011730205E+2	3.310000000000E+2
8.856598240469E+2	3.360000000000E+2
8.857184750733E+2	3.130000000000E+2
8.857771260997E+2	3.320000000000E+2
8.858357771261E+2	3.780000000000E+2
8.858944281525E+2	3.520000000000E+2
8.859530791789E+2	3.840000000000E+2
8.860117302053E+2	3.710000000000E+2
8.860703812317E+2	3.920000000000E+2
8.861290322581E+2	3.870000000000E+2
8.861876832845E+2	4.110000000000E+2
8.862463343109E+2	4.130000000000E+2
8.863049853372E+2	4.480000000000E+2
8.863636363636E+2	4.030000000000E+2
8.864222873900E+2	4.380000000000E+2
8.864809384164E+2	4.270000000000E+2
8.865395894428E+2	4.410000000000E+2
8.865982404692E+2	4.450000000000E+2
8.866568914956E+2	4.480000000000E+2
8.867155425220E+2	4.400000000000E+2
8.867741935484E+2	5.030000000000E+2
8.868328445748E+2	5.260000000000E+2
8.868914956012E+2	5.010000000000E+2
8.869501466276E+2	5.280000000000E+2
8.870087976540E+2	5.290000000000E+2
8.870674486804E+2	5.210000000000E+2
8.871260997067E+2	5.690000000000E+2
8.871847507331E+2	5.610000000000E+2
8.872434017595E+2	5.500000000000E+2
8.873020527859E+2	6.100000000000E+2
8.873607038123E+2	6.000000000000E+2
8.874193548387E+2	5.970000000000E+2
8.874780058651E+2	6.370000000000E+2
8.875366568915E+2	6.720000000000E+2
8.875953079179E+2	6.400000000000E+2
8.876539589443E+2	6.670000000000E+2
8.877126099707E+2	6.930000000000E+2
8.877712609971E+2	6.860000000000E+2
8.878299120235E+2	7.220000000000E+2
8.878885630499E+2	7.680000000000E+2
8.879472140762E+2	7.470000000000E+2
8.880058651026E+2	7.940000000000E+2
8.880645161290E+2	8.180000000000E+2
8.881231671554E+2	8.190000000000E+2
8.881818181818E+2	8.450000000000E+2
8.882404692082E+2	8.430000000000E+2
8.882991202346E+2	8.640000000000E+2
8.883577712610E+2	9.080000000000E+2
8.884164222874E+2	9.220000000000E+2
8.884750733138E+2	9.360000000000E+2
8.885337243402E+2	9.690000000000E+2
8.885923753666E+2	9.680000000000E+2
8.886510263930E+2	1.006000000000E+3
8.887096774194E+2	1.031000000000E+3
8.887683284457E+2	1.072000000000E+3
8.888269794721E+2	1.067000000000E+3
8.888856304985E+2	1.107000000000E+3
8.889442815249E+2	1.145000000000E+3
8.890029325513E+2	1.167000000000E+3
8.890615835777E+2	1.188000000000E+3
8.891202346041E+2	1.264000000000E+3
8.891788856305E+2	1.268000000000E+3
8.892375366569E+2	1.293000000000E+3
8.892961876833E+2	1.327000000000E+3
8.893548387097E+2	1.376000000000E+3
8.894134897361E+2	1.380000000000E+3
8.894721407625E+2	1.420000000000E+3
8.895307917889E+2	1.481000000000E+3
8.895894428152E+2	1.525000000000E+3
8.896480938416E+2	1.532000000000E+3
8.897067448680E+2	1.594000000000E+3
8.897653958944E+2	1.602000000000E+3
8.898240469208E+2	1.661000000000E+3
8.898826979472E+2	1.699000000000E+3
8.899413489736E+2	1.736000000000E+3
8.900000000000E+2	1.802000000000E+3
8.900586510264E+2	1.827000000000E+3
8.901173020528E+2	1.873000000000E+3
8.901759530792E+2	1.939000000000E+3
8.902346041056E+2	1.988000000000E+3
8.902932551320E+2	1.991000000000E+3
8.903519061584E+2	2.087000000000E+3
8.904105571848E+2	2.139000000000E+3
8.904692082111E+2	2.151000000000E+3
8.905278592375E+2	2.209000000000E+3
8.905865102639E+2	2.292000000000E+3
8.906451612903E+2	2.302000000000E+3
8.907038123167E+2	2.417000000000E+3
8.907624633431E+2	2.444000000000E+3
8.908211143695E+2	2.515000000000E+3
8.908797653959E+2	2.553000000000E+3
8.909384164223E+2	2.640000000000E+3
8.909970674487E+2	2.635000000000E+3
8.910557184751E+2	2.724000000000E+3
8.911143695015E+2	2.774000000000E+3
8.911730205279E+2	2.832000000000E+3
8.912316715543E+2	2.897000000000E+3
8.912903225806E+2	2.996000000000E+3
8.913489736070E+2	3.022000000000E+3
8.914076246334E+2	3.118000000000E+3
8.914662756598E+2	3.214000000000E+3
8.915249266862E+2	3.232000000000E+3
8.915835777126E+2	3.289000000000E+3
8.916422287390E+2	3.396000000000E+3
8.917008797654E+2	3.436000000000E+3
8.917595307918E+2	3.493000000000E+3
8.918181818182E+2	3.621000000000E+3
8.918768328446E+2	3.632000000000E+3
8.919354838710E+2	3.720000000000E+3
8.919941348974E+2	3.847000000000E+3
8.920527859238E+2	3.879000000000E+3
8.921114369501E+2	3.976000000000E+3
8.921700879765E+2	4.116000000000E+3
8.922287390029E+2	4.130000000000E+3
8.922873900293E+2	4.225000000000E+3
8.923460410557E+2	4.328000000000E+3
8.924046920821E+2	4.392000000000E+3
8.924633431085E+2	4.465000000000E+3
8.925219941349E+2	4.576000000000E+3
8.925806451613E+2	4.616000000000E+3
8.926392961877E+2	4.720000000000E+3
8.926979472141E+2	4.845000000000E+3
8.927565982405E+2	4.872000000000E+3
8.928152492669E+2	4.941000000000E+3
8.928739002933E+2	5.095000000000E+3
8.929325513196E+2	5.144000000000E+3
8.929912023460E+2	5.235000000000E+3
8.930498533724E+2	5.352000000000E+3
8.931085043988E+2	5.399000000000E+3
8.931671554252E+2	5.461000000000E+3
8.932258064516E+2	5.624000000000E+3
8.932844574780E+2	5.676000000000E+3
8.933431085044E+2	5.755000000000E+3
8.934017595308E+2	5.908000000000E+3
8.934604105572E+2	5.952000000000E+3
8.935190615836E+2	6.040000000000E+3
8.935777126100E+2	6.164000000000E+3
8.936363636364E+2	6.225000000000E+3
8.936950146628E+2	6.292000000000E+3
8.937536656891E+2	6.423000000000E+3
8.938123167155E+2	6.485000000000E+3
8.938709677419E+2	6.582000000000E+3
8.939296187683E+2	6.718000000000E+3
8.939882697947E+2	6.792000000000E+3
8.940469208211E+2	6.867000000000E+3
8.941055718475E+2	6.986000000000E+3
8.941642228739E+2	7.050000000000E+3
8.942228739003E+2	7.130000000000E+3
8.942815249267E+2	7.257000000000E+3
8.943401759531E+2	7.296000000000E+3
8.943988269795E+2	7.376000000000E+3
8.944574780059E+2	7.518000000000E+3
8.945161290323E+2	7.600000000000E+3
8.945747800587E+2	7.652000000000E+3
8.946334310850E+2	7.775000000000E+3
8.946920821114E+2	7.852000000000E+3
8.947507331378E+2	7.907000000000E+3
8.948093841642E+2	8.017000000000E+3
8.948680351906E+2	8.099000000000E+3
8.949266862170E+2	8.151000000000E+3
8.949853372434E+2	8.257000000000E+3
8.950439882698E+2	8.328000000000E+3
8.951026392962E+2	8.399000000000E+3
8.951612903226E+2	8.461000000000E+3
8.952199413490E+2	8.592000000000E+3
8.952785923754E+2	8.616000000000E+3
8.953372434018E+2	8.691000000000E+3
8.953958944282E+2	8.796000000000E+3
8.954545454545E+2	8.850000000000E+3
8.955131964809E+2	8.907000000000E+3
8.955718475073E+2	9.004000000000E+3
8.956304985337E+2	9.082000000000E+3
8.956891495601E+2	9.148000000000E+3
8.957478005865E+2	9.221000000000E+3
8.958064516129E+2	9.233000000000E+3
8.958651026393E+2	9.299000000000E+3
8.959237536657E+2	9.389000000000E+3
8.959824046921E+2	9.461000000000E+3
8.960410557185E+2	9.493000000000E+3
8.960997067449E+2	9.608000000000E+3
8.961583577713E+2	9.582000000000E+3
8.962170087977E+2	9.668000000000E+3
8.962756598240E+2	9.765000000000E+3
8.963343108504E+2	9.797000000000E+3
8.963929618768E+2	9.807000000000E+3
8.964516129032E+2	9.928000000000E+3
8.965102639296E+2	9.914000000000E+3
8.965689149560E+2	9.975000000000E+3
8.966275659824E+2	1.002500000000E+4
8.966862170088E+2	1.006900000000E+4
8.967448680352E+2	1.010200000000E+4
8.968035190616E+2	1.015300000000E+4
8.968621700880E+2	1.015500000000E+4
8.969208211144E+2	1.023100000000E+4
8.969794721408E+2	1.025300000000E+4
8.970381231672E+2	1.024300000000E+4
8.970967741935E+2	1.025200000000E+4
8.971554252199E+2	1.031200000000E+4
8.972140762463E+2	1.031300000000E+4
8.972727272727E+2	1.037600000000E+4
8.973313782991E+2	1.040600000000E+4
8.973900293255E+2	1.038700000000E+4
8.974486803519E+2	1.041900000000E+4
8.975073313783E+2	1.044500000000E+4
8.975659824047E+2	1.045700000000E+4
8.976246334311E+2	1.046600000000E+4
8.976832844575E+2	1.051600000000E+4
8.977419354839E+2	1.048200000000E+4
8.978005865103E+2	1.050100000000E+4
8.978592375367E+2	1.048300000000E+4
8.979178885630E+2	1.051300000000E+4
8.979765395894E+2	1.053600000000E+4
8.980351906158E+2	1.050600000000E+4
8.980938416422E+2	1.048100000000E+4
8.981524926686E+2	1.051900000000E+4
8.982111436950E+2	1.050900000000E+4
8.982697947214E+2	1.045900000000E+4
8.983284457478E+2	1.047600000000E+4
8.983870967742E+2	1.048500000000E+4
8.984457478006E+2	1.045100000000E+4
8.985043988270E+2	1.048400000000E+4
8.985630498534E+2	1.045900000000E+4
8.986217008798E+2	1.039900000000E+4
8.986803519062E+2	1.039400000000E+4
8.987390029326E+2	1.039800000000E+4
8.987976539589E+2	1.036500000000E+4
8.988563049853E+2	1.035800000000E+4
8.989149560117E+2	1.033800000000E+4
8.989736070381E+2	1.031000000000E+4
8.990322580645E+2	1.032900000000E+4
8.990909090909E+2	1.028000000000E+4
8.991495601173E+2	1.020700000000E+4
8.992082111437E+2	1.022500000000E+4
8.992668621701E+2	1.018900000000E+4
8.993255131965E+2	1.015700000000E+4
8.993841642229E+2	1.016600000000E+4
8.994428152493E+2	1.011000000000E+4
8.995014662757E+2	1.007200000000E+4
8.995601173021E+2	1.003600000000E+4
8.996187683284E+2	9.996000000000E+3
8.996774193548E+2	9.933000000000E+3
8.997360703812E+2	9.923000000000E+3
8.997947214076E+2	9.868000000000E+3
8.998533724340E+2	9.771000000000E+3
8.999120234604E+2	9.753000000000E+3
8.999706744868E+2	9.742000000000E+3
9.000293255132E+2	9.685000000000E+3
9.000879765396E+2	9.623000000000E+3
9.001466275660E+2	9.571000000000E+3
9.002052785924E+2	9.512000000000E+3
9.002639296188E+2	9.499000000000E+3
9.003225806452E+2	9.454000000000E+3
9.003812316716E+2	9.400000000000E+3
9.004398826979E+2	9.358000000000E+3
9.004985337243E+2	9.310000000000E+3
9.005571847507E+2	9.240000000000E+3
9.006158357771E+2	9.198000000000E+3
9.006744868035E+2	9.138000000000E+3
9.007331378299E+2	9.094000000000E+3
9.007917888563E+2	9.009000000000E+3
9.008504398827E+2	8.999000000000E+3
9.009090909091E+2	8.898000000000E+3
9.009677419355E+2	8.876000000000E+3
9.010263929619E+2	8.824000000000E+3
9.010850439883E+2	8.752000000000E+3
9.011436950147E+2	8.669000000000E+3
9.012023460411E+2	8.652000000000E+3
9.012609970674E+2	8.572000000000E+3
9.013196480938E+2	8.520000000000E+3
9.013782991202E+2	8.495000000000E+3
9.014369501466E+2	8.380000000000E+3
9.014956011730E+2	8.326000000000E+3
9.015542521994E+2	8.303000000000E+3
9.016129032258E+2	8.208000000000E+3
9.016715542522E+2	8.124000000000E+3
9.017302052786E+2	8.142000000000E+3
9.017888563050E+2	8.019000000000E+3
9.018475073314E+2	7.940000000000E+3
9.019061583578E+2	7.908000000000E+3
9.019648093842E+2	7.819000000000E+3
9.020234604106E+2	7.758000000000E+3
9.020821114370E+2	7.743000000000E+3
9.021407624633E+2	7.617000000000E+3
9.021994134897E+2	7.549000000000E+3
9.022580645161E+2	7.520000000000E+3
9.023167155425E+2	7.443000000000E+3
9.023753665689E+2	7.382000000000E+3
9.024340175953E+2	7.334000000000E+3
9.024926686217E+2	7.247000000000E+3
9.025513196481E+2	7.149000000000E+3
9.026099706745E+2	7.123000000000E+3
9.026686217009E+2	7.039000000000E+3
9.027272727273E+2	6.960000000000E+3
9.027859237537E+2	6.918000000000E+3
9.028445747801E+2	6.858000000000E+3
9.029032258065E+2	6.756000000000E+3
9.029618768328E+2	6.740000000000E+3
9.030205278592E+2	6.644000000000E+3
9.030791788856E+2	6.598000000000E+3
9.031378299120E+2	6.566000000000E+3
9.031964809384E+2	6.451000000000E+3
9.032551319648E+2	6.379000000000E+3
9.033137829912E+2	6.362000000000E+3
9.033724340176E+2	6.240000000000E+3
9.034310850440E+2	6.187000000000E+3
9.034897360704E+2	6.180000000000E+3
9.035483870968E+2	6.055000000000E+3
9.036070381232E+2	5.983000000000E+3
9.036656891496E+2	5.959000000000E+3
9.037243401760E+2	5.881000000000E+3
9.037829912023E+2	5.816000000000E+3
9.038416422287E+2	5.775000000000E+3
9.039002932551E+2	5.686000000000E+3
9.039589442815E+2	5.592000000000E+3
9.040175953079E+2	5.565000000000E+3
9.040762463343E+2	5.488000000000E+3
9.041348973607E+2	5.419000000000E+3
9.041935483871E+2	5.387000000000E+3
9.042521994135E+2	5.292000000000E+3
9.043108504399E+2	5.245000000000E+3
9.043695014663E+2	5.187000000000E+3
9.044281524927E+2	5.087000000000E+3
9.044868035191E+2	5.027000000000E+3
9.045454545455E+2	5.019000000000E+3
9.046041055718E+2	4.933000000000E+3
9.046627565982E+2	4.893000000000E+3
9.047214076246E+2	4.808000000000E+3
9.047800586510E+2	4.731000000000E+3
9.048387096774E+2	4.687000000000E+3
9.048973607038E+2	4.676000000000E+3
9.049560117302E+2	4.565000000000E+3
9.050146627566E+2	4.491000000000E+3
9.050733137830E+2	4.456000000000E+3
9.051319648094E+2	4.384000000000E+3
9.051906158358E+2	4.314000000000E+3
9.052492668622E+2	4.304000000000E+3
9.053079178886E+2	4.224000000000E+3
9.053665689150E+2	4.145000000000E+3
9.054252199413E+2	4.132000000000E+3
9.054838709677E+2	4.040000000000E+3
9.055425219941E+2	3.995000000000E+3
9.056011730205E+2	3.969000000000E+3
9.056598240469E+2	3.876000000000E+3
9.057184750733E+2	3.808000000000E+3
9.057771260997E+2	3.786000000000E+3
9.058357771261E+2	3.714000000000E+3
9.058944281525E+2	3.700000000000E+3
9.059530791789E+2	3.621000000000E+3
9.060117302053E+2	3.551000000000E+3
9.060703812317E+2	3.516000000000E+3
9.061290322581E+2	3.476000000000E+3
9.061876832845E+2	3.358000000000E+3
9.062463343109E+2	3.348000000000E+3
9.063049853372E+2	3.282000000000E+3
9.063636363636E+2	3.228000000000E+3
9.064222873900E+2	3.196000000000E+3
9.064809384164E+2	3.158000000000E+3
9.065395894428E+2	3.092000000000E+3
9.065982404692E+2	3.042000000000E+3
9.066568914956E+2	3.026000000000E+3
9.067155425220E+2	2.934000000000E+3
9.067741935484E+2	2.932000000000E+3
9.068328445748E+2	2.862000000000E+3
9.068914956012E+2	2.817000000000E+3
9.069501466276E+2	2.769000000000E+3
9.070087976540E+2	2.712000000000E+3
9.070674486804E+2	2.650000000000E+3
9.071260997067E+2	2.648000000000E+3
9.071847507331E+2	2.594000000000E+3
9.072434017595E+2	2.536000000000E+3
9.073020527859E+2	2.502000000000E+3
9.073607038123E+2	2.493000000000E+3
9.074193548387E+2	2.418000000000E+3
9.074780058651E+2	2.383000000000E+3
9.075366568915E+2	2.340000000000E+3
9.075953079179E+2	2.260000000000E+3
9.076539589443E+2	2.255000000000E+3
9.077126099707E+2	2.232000000000E+3
9.077712609971E+2	2.179000000000E+3
9.078299120235E+2	2.126000000000E+3
9.078885630499E+2	2.115000000000E+3
9.079472140762E+2	2.050000000000E+3
9.080058651026E+2	2.039000000000E+3
9.080645161290E+2	1.999000000000E+3
9.081231671554E+2	1.953000000000E+3
9.081818181818E+2	1.925000000000E+3
9.082404692082E+2	1.890000000000E+3
9.082991202346E+2	1.827000000000E+3
9.083577712610E+2	1.815000000000E+3
9.084164222874E+2	1.766000000000E+3
9.084750733138E+2	1.753000000000E+3
9.085337243402E+2	1.722000000000E+3
9.085923753666E+2	1.722000000000E+3
9.086510263930E+2	1.652000000000E+3
9.087096774194E+2	1.675000000000E+3
9.087683284457E+2	1.598000000000E+3
9.088269794721E+2	1.532000000000E+3
9.088856304985E+2	1.534000000000E+3
9.089442815249E+2	1.490000000000E+3
9.090029325513E+2	1.470000000000E+3
9.090615835777E+2	1.456000000000E+3
9.091202346041E+2	1.411000000000E+3
9.091788856305E+2	1.360000000000E+3
9.092375366569E+2	1.375000000000E+3
9.092961876833E+2	1.304000000000E+3
9.093548387097E+2	1.289000000000E+3
9.094134897361E+2	1.264000000000E+3
9.094721407625E+2	1.231000000000E+3
9.095307917889E+2	1.187000000000E+3
9.095894428152E+2	1.223000000000E+3
9.096480938416E+2	1.164000000000E+3
9.097067448680E+2	1.141000000000E+3
9.097653958944E+2	1.142000000000E+3
9.098240469208E+2	1.111000000000E+3
9.098826979472E+2	1.058000000000E+3
9.099413489736E+2	1.085000000000E+3
9.100000000000E+2	1.054000000000E+3
9.100586510264E+2	1.005000000000E+3
9.101173020528E+2	9.960000000000E+2
9.101759530792E+2	9.770000000000E+2
9.102346041056E+2	9.600000000000E+2
9.102932551320E+2	9.500000000000E+2
9.103519061584E+2	9.340000000000E+2
9.104105571848E+2	8.810000000000E+2
9.104692082111E+2	8.740000000000E+2
9.105278592375E+2	8.540000000000E+2
9.105865102639E+2	8.460000000000E+2
9.106451612903E+2	8.170000000000E+2
9.107038123167E+2	8.010000000000E+2
9.107624633431E+2	7.750000000000E+2
9.108211143695E+2	7.810000000000E+2
9.108797653959E+2	7.410000000000E+2
9.109384164223E+2	7.240000000000E+2
9.109970674487E+2	7.160000000000E+2
9.110557184751E+2	6.960000000000E+2
9.111143695015E+2	6.720000000000E+2
9.111730205279E+2	6.730000000000E+2
9.112316715543E+2	6.390000000000E+2
9.112903225806E+2	6.260000000000E+2
9.113489736070E+2	6.360000000000E+2
9.114076246334E+2	5.870000000000E+2
9.114662756598E+2	5.930000000000E+2
9.115249266862E+2	5.840000000000E+2
9.115835777126E+2	5.670000000000E+2
9.116422287390E+2	5.520000000000E+2
9.117008797654E+2	5.400000000000E+2
9.117595307918E+2	5.030000000000E+2
9.118181818182E+2	5.230000000000E+2
9.118768328446E+2	4.900000000000E+2
9.119354838710E+2	4.940000000000E+2
9.119941348974E+2	4.790000000000E+2
9.120527859238E+2	4.880000000000E+2
9.121114369501E+2	4.550000000000E+2
9.121700879765E+2	4.610000000000E+2
9.122287390029E+2	4.520000000000E+2
9.122873900293E+2	3.990000000000E+2
9.123460410557E+2	4.170000000000E+2
9.124046920821E+2	3.910000000000E+2
9.124633431085E+2	3.900000000000E+2
9.125219941349E+2	3.790000000000E+2
9.125806451613E+2	3.940000000000E+2
9.126392961877E+2	3.440000000000E+2
9.126979472141E+2	3.570000000000E+2
9.127565982405E+2	3.670000000000E+2
9.128152492669E+2	3.360000000000E+2
9.128739002933E+2	3.500000000000E+2
9.129325513196E+2	3.310000000000E+2
9.129912023460E+2	3.140000000000E+2
9.130498533724E+2	3.390000000000E+2
9.131085043988E+2	3.010000000000E+2
9.131671554252E+2	2.910000000000E+2
9.132258064516E+2	2.960000000000E+2
9.132844574780E+2	2.850000000000E+2
9.133431085044E+2	2.480000000000E+2
9.134017595308E+2	2.790000000000E+2
9.134604105572E+2	2.690000000000E+2
9.135190615836E+2	2.350000000000E+2
9.135777126100E+2	2.430000000000E+2
9.136363636364E+2	2.350000000000E+2
9.136950146628E+2	2.430000000000E+2
9.137536656891E+2	2.550000000000E+2
9.138123167155E+2	2.400000000000E+2
9.138709677419E+2	2.020000000000E+2
9.139296187683E+2	2.250000000000E+2
9.139882697947E+2	2.010000000000E+2
9.140469208211E+2	2.160000000000E+2
9.141055718475E+2	2.070000000000E+2
9.141642228739E+2	2.170000000000E+2
9.142228739003E+2	1.910000000000E+2
9.142815249267E+2	2.230000000000E+2
9.143401759531E+2	1.750000000000E+2
9.143988269795E+2	1.730000000000E+2
9.144574780059E+2	1.670000000000E+2
9.145161290323E+2	1.650000000000E+2
9.145747800587E+2	1.640000000000E+2
9.146334310850E+2	1.910000000000E+2
9.146920821114E+2	1.680000000000E+2
9.147507331378E+2	1.470000000000E+2
9.148093841642E+2	1.610000000000E+2
9.148680351906E+2	1.620000000000E+2
9.149266862170E+2	1.420000000000E+2
9.149853372434E+2	1.190000000000E+2
9.150439882698E+2	1.530000000000E+2
9.151026392962E+2	1.290000000000E+2
9.151612903226E+2	9.000000000000E+1
9.152199413490E+2	1.280000000000E+2
9.152785923754E+2	1.290000000000E+2
9.153372434018E+2	9.200000000000E+1
9.153958944282E+2	1.380000000000E+2
9.154545454545E+2	1.370000000000E+2
9.155131964809E+2	9.500000000000E+1
9.155718475073E+2	9.500000000000E+1
9.156304985337E+2	1.120000000000E+2
9.156891495601E+2	1.020000000000E+2
9.157478005865E+2	1.140000000000E+2
9.158064516129E+2	1.000000000000E+2
9.158651026393E+2	7.100000000000E+1
9.159237536657E+2	9.500000000000E+1
9.159824046921E+2	9.700000000000E+1
9.160410557185E+2	8.400000000000E+1
9.160997067449E+2	9.100000000000E+1
9.161583577713E+2	8.300000000000E+1
9.162170087977E+2	6.000000000000E+1
9.162756598240E+2	9.500000000000E+1
9.163343108504E+2	8.500000000000E+1
9.163929618768E+2	6.700000000000E+1
9.164516129032E+2	8.800000000000E+1
9.165102639296E+2	7.200000000000E+1
9.165689149560E+2	4.500000000000E+1
9.166275659824E+2	6.200000000000E+1
9.166862170088E+2	5.200000000000E+1
9.167448680352E+2	5.300000000000E+1
9.168035190616E+2	6.100000000000E+1
9.168621700880E+2	5.200000000000E+1
9.169208211144E+2	4.100000000000E+1
9.169794721408E+2	5.600000000000E+1
9.170381231672E+2	5.900000000000E+1
9.170967741935E+2	3.000000000000E+1
9.171554252199E+2	5.100000000000E+1
9.172140762463E+2	4.700000000000E+1
9.172727272727E+2	4.800000000000E+1
9.173313782991E+2	4.600000000000E+1
9.173900293255E+2	3.200000000000E+1
9.174486803519E+2	3.200000000000E+1
9.175073313783E+2	5.200000000000E+1
9.175659824047E+2	3.300000000000E+1
9.176246334311E+2	6.100000000000E+1
9.176832844575E+2	4.600000000000E+1
9.177419354839E+2	2.000000000000E+1
9.178005865103E+2	4.000000000000E+1
9.178592375367E+2	3.700000000000E+1
9.179178885630E+2	2.600000000000E+1
9.179765395894E+2	2.200000000000E+1
9.180351906158E+2	5.600000000000E+1
9.180938416422E+2	2.400000000000E+1
9.181524926686E+2	3.800000000000E+1
9.182111436950E+2	3.700000000000E+1
9.182697947214E+2	3.200000000000E+1
9.183284457478E+2	6.000000000000E+0
9.183870967742E+2	3.200000000000E+1
9.184457478006E+2	1.500000000000E+1
9.185043988270E+2	3.100000000000E+1
9.185630498534E+2	2.400000000000E+1
9.186217008798E+2	1.000000000000E+1
9.186803519062E+2	1.700000000000E+1
9.187390029326E+2	2.100000000000E+1
9.187976539589E+2	1.000000000000E+1
9.188563049853E+2	4.200000000000E+1
9.189149560117E+2	5.300000000000E+1
9.189736070381E+2	6.000000000000E+0
9.190322580645E+2	3.300000000000E+1
9.190909090909E+2	1.800000000000E+1
9.191495601173E+2	0.000000000000E+0
9.192082111437E+2	7.000000000000E+0
9.192668621701E+2	6.600000000000E+1
9.193255131965E+2	9.000000000000E+0
9.193841642229E+2	2.700000000000E+1
9.194428152493E+2	2.400000000000E+1
9.195014662757E+2	1.200000000000E+1
9.195601173021E+2	4.100000000000E+1
9.196187683284E+2	2.800000000000E+1
9.196774193548E+2	0.000000000000E+0
9.197360703812E+2	5.400000000000E+1
9.197947214076E+2	8.000000000000E+0
9.198533724340E+2	1.200000000000E+1
9.199120234604E+2	2.900000000000E+1
9.199706744868E+2	1.200000000000E+1
9.200293255132E+2	0.000000000000E+0
9.200879765396E+2	1.900000000000E+1
9.201466275660E+2	1.300000000000E+1
9.202052785924E+2	8.000000000000E+0
9.202639296188E+2	1.800000000000E+1
9.203225806452E+2	0.000000000000E+0
9.203812316716E+2	0.000000000000E+0
9.204398826979E+2	2.200000000000E+1
9.204985337243E+2	2.800000000000E+1
9.205571847507E+2	0.000000000000E+0
9.206158357771E+2	1.500000000000E+1
9.206744868035E+2	3.600000000000E+1
9.207331378299E+2	2.000000000000E+1
9.207917888563E+2	2.700000000000E+1
9.208504398827E+2	2.700000000000E+1
9.209090909091E+2	3.300000000000E+1
9.209677419355E+2	0.000000000000E+0
9.210263929619E+2	7.000000000000E+0
9.210850439883E+2	2.200000000000E+1
9.211436950147E+2	0.000000000000E+0
9.212023460411E+2	2.000000000000E+1
9.212609970674E+2	2.200000000000E+1
9.213196480938E+2	0.000000000000E+0
9.213782991202E+2	3.400000000000E+1
9.214369501466E+2	7.000000000000E+0
9.214956011730E+2	1.500000000000E+1
9.215542521994E+2	0.000000000000E+0
9.216129032258E+2	2.000000000000E+0
9.216715542522E+2	6.000000000000E+0
9.217302052786E+2	3.900000000000E+1
9.217888563050E+2	2.500000000000E+1
9.218475073314E+2	0.000000000000E+0
9.219061583578E+2	1.000000000000E+1
9.219648093842E+2	8.000000000000E+0
9.220234604106E+2	0.000000000000E+0
9.220821114370E+2	1.500000000000E+1
9.221407624633E+2	1.600000000000E+1
9.221994134897E+2	0.000000000000E+0
9.222580645161E+2	0.000000000000E+0
9.223167155425E+2	1.100000000000E+1
9.223753665689E+2	1.600000000000E+1
9.224340175953E+2	0.000000000000E+0
9.224926686217E+2	2.300000000000E+1
9.225513196481E+2	0.000000000000E+0
9.226099706745E+2	0.000000000000E+0
9.226686217009E+2	0.000000000000E+0
9.227272727273E+2	0.000000000000E+0
9.227859237537E+2	0.000000000000E+0
9.228445747801E+2	9.000000000000E+0
9.229032258065E+2	4.000000000000E+0
9.229618768328E+2	1.800000000000E+1
9.230205278592E+2	0.000000000000E+0
9.230791788856E+2	2.200000000000E+1
9.231378299120E+2	1.000000000000E+1
9.231964809384E+2	1.100000000000E+1
9.232551319648E+2	8.000000000000E+0
9.233137829912E+2	6.000000000000E+0
9.233724340176E+2	9.000000000000E+0
9.234310850440E+2	8.000000000000E+0
9.234897360704E+2	1.100000000000E+1
9.235483870968E+2	0.000000000000E+0
9.236070381232E+2	2.400000000000E+1
9.236656891496E+2	0.000000000000E+0
9.237243401760E+2	0.000000000000E+0
9.237829912023E+2	4.000000000000E+0
9.238416422287E+2	1.200000000000E+1
9.239002932551E+2	0.000000000000E+0
9.239589442815E+2	3.100000000000E+1
9.240175953079E+2	1.600000000000E+1
9.240762463343E+2	0.000000000000E+0
9.241348973607E+2	3.000000000000E+0
9.241935483871E+2	5.000000000000E+0
9.242521994135E+2	0.000000000000E+0
9.243108504399E+2	1.200000000000E+1
9.243695014663E+2	3.900000000000E+1
9.244281524927E+2	0.000000000000E+0
9.244868035191E+2	1.500000000000E+1
9.245454545455E+2	1.800000000000E+1
9.246041055718E+2	0.000000000000E+0
9.246627565982E+2	2.000000000000E+0
9.247214076246E+2	1.000000000000E+1
9.247800586510E+2	0.000000000000E+0
9.248387096774E+2	2.200000000000E+1
9.248973607038E+2	1.100000000000E+1
9.249560117302E+2	2.000000000000E+0
9.250146627566E+2	1.400000000000E+1
9.250733137830E+2	3.300000000000E+1
9.251319648094E+2	9.000000000000E+0
9.251906158358E+2	4.800000000000E+1
9.252492668622E+2	3.100000000000E+1
9.253079178886E+2	1.300000000000E+1
9.253665689150E+2	8.000000000000E+0
9.254252199413E+2	2.000000000000E+1
9.254838709677E+2	3.600000000000E+1
9.255425219941E+2	0.000000000000E+0
9.256011730205E+2	3.300000000000E+1
9.256598240469E+2	3.200000000000E+1
9.257184750733E+2	3.000000000000E+1
9.257771260997E+2	2.200000000000E+1
9.258357771261E+2	2.500000000000E+1
9.258944281525E+2	0.000000000000E+0
9.259530791789E+2	3.600000000000E+1
9.260117302053E+2	2.600000000000E+1
9.260703812317E+2	1.800000000000E+1
9.261290322581E+2	2.400000000000E+1
9.261876832845E+2	3.900000000000E+1
9.262463343109E+2	4.000000000000E+0
9.263049853372E+2	1.500000000000E+1
9.263636363636E+2	4.800000000000E+1
9.264222873900E+2	3.000000000000E+0
9.264809384164E+2	1.400000000000E+1
9.265395894428E+2	2.500000000000E+1
9.265982404692E+2	3.200000000000E+1
9.266568914956E+2	1.700000000000E+1
9.267155425220E+2	4.000000000000E+1
9.267741935484E+2	8.000000000000E+0
9.268328445748E+2	4.300000000000E+1
9.268914956012E+2	2.300000000000E+1
9.269501466276E+2	2.200000000000E+1
9.270087976540E+2	3.000000000000E+1
9.270674486804E+2	1.800000000000E+1
9.271260997067E+2	1.000000000000E+0
9.271847507331E+2	3.100000000000E+1
9.272434017595E+2	5.000000000000E+0
9.273020527859E+2	1.000000000000E+1
9.273607038123E+2	3.500000000000E+1
9.274193548387E+2	0.000000000000E+0
9.274780058651E+2	0.000000000000E+0
9.275366568915E+2	1.400000000000E+1
9.275953079179E+2	4.200000000000E+1
9.276539589443E+2	2.600000000000E+1
9.277126099707E+2	2.700000000000E+1
9.277712609971E+2	2.100000000000E+1
9.278299120235E+2	3.200000000000E+1
9.278885630499E+2	0.000000000000E+0
9.279472140762E+2	0.000000000000E+0
9.280058651026E+2	6.000000000000E+0
9.280645161290E+2	0.000000000000E+0
9.281231671554E+2	0.000000000000E+0
9.281818181818E+2	3.900000000000E+1
9.282404692082E+2	4.000000000000E+0
9.282991202346E+2	0.000000000000E+0
9.283577712610E+2	2.800000000000E+1
9.284164222874E+2	1.000000000000E+1
9.284750733138E+2	0.000000000000E+0
9.285337243402E+2	2.200000000000E+1
9.285923753666E+2	2.900000000000E+1
9.286510263930E+2	5.000000000000E+0
9.287096774194E+2	3.900000000000E+1
9.287683284457E+2	1.600000000000E+1
9.288269794721E+2	2.000000000000E+1
9.288856304985E+2	7.000000000000E+0
9.289442815249E+2	3.000000000000E+1
9.290029325513E+2	3.800000000000E+1
9.290615835777E+2	3.000000000000E+0
9.291202346041E+2	1.000000000000E+1
9.291788856305E+2	2.500000000000E+1
9.292375366569E+2	7.000000000000E+0
9.292961876833E+2	4.000000000000E+0
9.293548387097E+2	1.900000000000E+1
9.294134897361E+2	0.000000000000E+0
9.294721407625E+2	2.200000000000E+1
9.295307917889E+2	1.100000000000E+1
9.295894428152E+2	5.000000000000E+0
9.296480938416E+2	1.200000000000E+1
9.297067448680E+2	6.000000000000E+0
9.297653958944E+2	5.000000000000E+0
9.298240469208E+2	4.200000000000E+1
9.298826979472E+2	1.200000000000E+1
9.299413489736E+2	2.600000000000E+1
9.300000000000E+2	0.000000000000E+0
